10000100000000000000000000000001
10000100000000000000100000011111
10000100000000000000000000011110
10000100000000000000000000011101
10000100000000000000000000011100
01100000100000000000001111111111
01001000100000000110110000000000
10000100000000000000000000000001
00010000000000000001001111011011
10000100000000000000000000000001
00111100000000001001001111000000
10000100000000000000011111011110
00001000000000000000000000000111
10000100000000000000000000011110
10000100000000000000000000000001
00010000000000000110011111011111
10000100000000000000000000000001
00010000000000000101101110111111
10000100000000000000000000000001
00010000000000000100111110011111
01100000100000000000001111111101
01001000100000000110100000000000
01100000100000000000001111111100
01001000100000000110010000000000
01000100000000000110101101011110
01000100000000000110001100111110
01000100000000000110011100111101
10000100000000000001000000001010
01100000100000000000001101001010
01001000100000000110100000000000
01100000100000000000001100101010
01001000100000000110010000000000
01100000100000000000001100001010
01001000100000000110000000000000
00110000000000001001001101010000
10000100000000000000000000000001
10000100000000000000000000000001
10000100000000000000000000000001
00110000000000000000001100001110
10000100000000000000000000000001
10000100000000000000000000000001
10000100000000000000000000000001
00110000000000000000001100101111
10000100000000000000000000000001
10000100000000000000000000000001
01100000100000000000000111001111
01001000100000000011010000000000
01000100000000000100001000001101
00111100000000001001001000011010
10000100000000000000011110011100
00001000000000000000000000001100
10000100000000000000011110111101
00001000000000000000000000001011
10000100000000000000011111011110
00001000000000000000000000001010
00001000000000000000000000100101
